1800 444

2750 444
2750 188
3006 444
3006 188

3700 444
3956 444

4724 444
4980 444

5574 444
5830 444
6080 444
6080 188

6592 444
6848 444
7104 444
7360 444
7360 188
7616 444
7616 188

8128 444
8128 188
8384 188
8640 188
8896 188
8896 444

9152 444
9408 444
9664 444
9664 188

10176 444
10176 188
10432 444
10688 444
10688 188
10944 188
11200 188
11200 444

11712 444
11968 444
11968 188
12224 444
12224 188
12480 444
12480 188

12992 444
12992 188

14016 444

14528 444
14784 444

15296 444
15552 444

16064 444
16064 188
16320 444
16320 188
16576 444
16576 188
16832 444
16832 188
17088 444
17088 188

18112 444
18112 188
18368 444

18880 444
18880 188
19136 444
19136 188

19648 444
19648 188
19904 444
19904 188

20416 444
20672 444

21952 444

22464 444
22464 188

22976 444
23232 444

23744 444
23744 188
24000 444
24000 188

24512 444
24768 444
24768 188

25280 444
25536 444
25792 444

26304 444
26560 444

27072 444
27072 188
27328 444
27328 188
27584 444
27840 444
27840 188
28096 444
28096 188

28608 444
28608 188

29120 444

30144 444
30144 188
30400 444
30400 188
30656 444
30656 188

31168 444
31424 444
31424 188
31680 444
31680 188
31936 444
31936 188
32192 444
32192 188

34240 444
34496 444
34752 444
34752 188
35008 444
35008 188
35264 444
35520 444
35776 444

36288 444
36544 444
36800 444

37056 444
37056 188

37376 444
37632 444
37888 444
37888 188

38144 444