1800 444 4

2750 188 8
3006 444 1
3006 188 1

3700 444 6

4724 444 1
4980 444 1

5574 444 1
5830 444 2
6080 188 8

6592 444 1
6848 444 4
7104 444 5
7360 188 8
7616 188 8

8128 188 8
8384 188 8
8640 188 8
8896 188 8

9152 444 1
9408 444 2
9664 188 8

10176 188 8
10688 188 9
10944 188 9
11200 188 8

11712 444 2
11968 188 8
12224 188 8
12480 188 10

12992 188 8

14016 444 1

14528 444 2
14784 444 2

15296 444 7

16064 188 8
16320 188 9
16576 188 9
16832 188 10
17088 188 10

18112 188 8
18368 444 2

18880 188 8
19136 188 10

19648 188 9
19904 188 8

20416 444 3

21952 444 5

22464 188 8

22976 444 7

23744 188 8
24000 188 8

24512 444 2
24768 188 8

25280 444 3
25792 444 2

26304 444 5
26560 444 2

27072 188 8
27328 188 9
27584 444 2
27840 188 8
28096 188 10

28608 188 8

29120 444 0

30144 188 8
30400 188 8
30656 188 8

31168 444 5
31424 188 8
31680 188 10
31936 188 9
32192 188 9

34240 444 2
34496 444 1
34752 188 9
35008 188 8
35264 444 2
35520 444 0
35776 444 1

36288 444 1
36544 444 1
36800 444 1

37056 188 10

37376 444 2
37632 444 5
37888 188 8

38144 444 1