256 444 2
512 444 2
768 444 2
1024 444 4

2524 444 1
2780 444 1

4060 444 3

4828 444 1
5084 444 3
5340 444 4

5990 444 5
6246 444 7

7900 444 4
8156 444 2

9148 444 6

10972 444 6
11484 444 4

12460 444 7
12972 444 3

13802 444 1
14058 444 1

14820 444 1

15844 444 7
16356 444 6

17380 444 4
17636 444 3

18660 444 5

19940 444 2
20196 444 0
20452 444 7

21476 444 4
21732 444 3

22756 444 1
23012 444 2

24036 444 5

25060 444 4
25316 444 2
25572 444 2
25828 444 1

27108 444 3

29156 444 0
29412 444 3

30436 444 5

31460 444 2

33508 444 0
33764 444 1
34020 444 2

36068 444 2
36324 444 3

36836 444 5
37860 444 4
